$ANSIBLE_VAULT;1.1;AES256
65663534353138386234393434393133643734616438383134663430363337323061343865386262
6131393362393434396366373565356564343838363530340a613538353436366161313639636432
32343136623232333833646237343536633638633763653537323064356635623934636462386166
3661343031356635660a306432396461366335633934316634303435656132373563383963653461
35636433613261353665373135646466333162663632643365613864373265626332643732343865
32306564653434663434376263383132303162373131343531643335353761366564346662633632
34313834336634373333616464383139323261353764643636646566653565396263663535626139
33623134323238376365336332363235393432346136633539643438306436363463643264366633
31633839643364653761383865326533346363316164653735383735653264376332383037336438
35383431363339313538306435353262393137373164346265623265653434646536666233663466
303736353564663439346138626533616463
